96
172 20 1
250 20 2
328 20 3
406 20 4
484 20 5
562 20 1
640 20 2
718 20 3
796 20 4
874 20 5
952 20 1
1030 20 2
172 56 3
250 56 4
328 56 5
406 56 1
484 56 2
562 56 3
640 56 4
718 56 5
796 56 1
874 56 2
952 56 3
1030 56 4
172 92 5
250 92 1
328 92 2
406 92 3
484 92 4
562 92 5
640 92 1
718 92 2
796 92 3
874 92 4
952 92 5
1030 92 1
172 128 2
250 128 3
328 128 4
406 128 5
484 128 1
562 128 2
640 128 3
718 128 4
796 128 5
874 128 1
952 128 2
1030 128 3
172 164 4
250 164 5
328 164 1
406 164 2
484 164 3
562 164 4
640 164 5
718 164 1
796 164 2
874 164 3
952 164 4
1030 164 5
172 200 1
250 200 2
328 200 3
406 200 4
484 200 5
562 200 1
640 200 2
718 200 3
796 200 4
874 200 5
952 200 1
1030 200 2
172 236 3
250 236 4
328 236 5
406 236 1
484 236 2
562 236 3
640 236 4
718 236 5
796 236 1
874 236 2
952 236 3
1030 236 4
172 272 5
250 272 1
328 272 2
406 272 3
484 272 4
562 272 5
640 272 1
718 272 2
796 272 3
874 272 4
952 272 5
1030 272 1
